62 159
9 4 0.8433333333333333 1
10 6 0.86 1
10 7 0.8319999999999992 1
11 1 0.8239999999999992 1
11 3 0.85 1
14 6 0.81 1
14 7 0.8419999999999991 1
14 10 -0.82 -1
15 1 0.8579999999999992 1
15 4 0.8000000000000004 1
16 1 0.847999999999999 1
17 15 0.8425 1
18 2 0.82125 1
18 7 0.8279999999999991 1
18 10 0.85 1
18 14 0.8159999999999993 1
19 16 0.82 1
20 2 0.83625 1
20 8 0.835 1
21 9 0.8600000000000003 1
21 17 0.825 1
21 19 0.8516666666666667 1
22 19 0.8166666666666663 1
23 18 0.8519999999999998 1
25 15 0.8325 1
25 16 0.8375 1
25 19 0.8283333333333335 1
26 18 0.8479999999999993 1
27 2 0.81625 1
27 26 0.85 1
28 2 0.8225 1
28 8 0.8625 1
28 18 0.8519999999999993 1
28 26 0.775 1
28 27 0.86 1
29 2 0.82 1
29 9 0.8433333333333336 1
29 21 -0.85 -1
30 11 0.825 1
30 19 0.8166666666666665 1
30 22 -0.86 -1
30 25 0.8299999999999998 1
31 8 0.8325 1
31 20 0.87 1
31 29 0.865 1
32 18 0.8359999999999994 1
33 10 0.845 1
33 14 0.8399999999999994 1
34 13 -0.87 -1
34 15 -0.8300000000000002 -1
34 17 0.84 1
34 22 0.82 1
35 15 0.865 1
35 34 0.8425 1
36 30 0.8379999999999993 1
37 2 0.85125 1
37 21 0.8419999999999992 1
37 24 0.8666666666666665 1
38 9 0.8266666666666667 1
38 15 -0.8633333333333334 -1
38 17 0.8325 1
38 22 0.84 1
38 34 -0.82 -1
38 35 -0.81 -1
38 37 0.8325 1
39 15 -0.8516666666666666 -1
39 17 -0.79 -1
39 21 0.8239999999999992 1
39 34 0.825 1
40 37 0.8125 1
41 1 -0.83 -1
41 8 -0.84 -1
41 15 -0.8366666666666667 -1
41 16 -0.805 -1
41 34 0.86 1
41 37 0.8225 1
41 38 0.85 1
42 2 0.7975 1
42 10 0.85 1
42 14 0.7979999999999996 1
43 1 0.8379999999999993 1
43 3 0.836666666666667 1
43 11 -0.84 -1
43 31 0.81 1
44 15 0.8275 1
44 30 0.8299999999999993 1
44 34 0.83 1
44 38 0.815 1
44 39 0.85 1
45 3 -0.81 -1
45 21 0.8499999999999993 1
45 35 0.835 1
45 39 0.835 1
46 9 -0.855 -1
46 16 0.8375 1
46 19 0.8266666666666669 1
46 22 0.825 1
46 24 0.843333333333334 1
46 25 0.8433333333333333 1
46 30 0.8419999999999992 1
46 38 0.8475 1
47 44 0.825 1
48 1 0.8399999999999994 1
48 11 0.84 1
48 21 0.8459999999999994 1
48 29 0.85 1
48 31 -0.82 -1
48 43 0.835 1
50 35 0.81 1
50 47 0.85 1
51 15 -0.8516666666666665 -1
51 17 0.845 1
51 21 0.8139999999999992 1
51 34 -0.865 -1
51 43 0.86 1
51 46 0.8199999999999998 1
52 5 0.84 1
52 12 -0.88 -1
52 19 0.813333333333333 1
52 22 0.8275 1
52 24 0.8266666666666667 1
52 25 0.8433333333333337 1
52 30 0.8579999999999994 1
52 46 0.8533333333333332 1
52 51 0.8 1
53 15 -0.8216666666666668 -1
53 30 0.8419999999999994 1
53 39 0.8575 1
53 41 0.76 1
54 44 0.84 1
55 2 0.83125 1
55 7 -0.84 -1
55 8 0.82 1
55 14 0.8319999999999992 1
55 20 0.85 1
55 42 0.875 1
56 16 0.835 1
56 52 0.82 1
57 6 0.82 1
57 7 0.8219999999999991 1
58 6 0.8525 1
58 7 0.8379999999999991 1
58 10 0.8275 1
58 14 0.8199999999999996 1
58 18 0.8539999999999996 1
58 40 0.86 1
58 42 0.78 1
58 49 0.8 1
58 55 -0.85 -1
59 39 0.805 1
60 4 0.8233333333333335 1
60 9 -0.84 -1
60 16 -0.86 -1
60 37 0.815 1
60 46 0.8500000000000001 1
61 33 0.92 1
62 3 0.8666666666666667 1
62 38 0.845 1
62 54 0.78 1
